Epoch:10
mAP: 0.6731144495238035
AP_50: 0.9680295198794416
AP_75: 0.8124423531547175
AP_small: -1.0
AP_m: -1.0
AP_l: 0.6731144495238035
Epoch:20
mAP: 0.6968542474706753
AP_50: 0.9677080741429268
AP_75: 0.8170816032987472
AP_small: -1.0
AP_m: -1.0
AP_l: 0.6968542474706753
Epoch:30
mAP: 0.74472476993261
AP_50: 0.9750032412896886
AP_75: 0.9099793166633768
AP_small: -1.0
AP_m: -1.0
AP_l: 0.74472476993261
